7.680514984437477599e-01
7.809055711586325721e-01
7.171468139708621070e-01
7.473426622249681461e-01
6.448790683098430954e-01
7.535738288348490244e-01
7.873648595573851106e-01
6.609641277032414219e-01
7.283388986866820014e-01
7.956390674838031973e-01
7.907298000483630185e-01
7.746121506551761904e-01
7.863771449876038044e-01
7.931884820817003412e-01
7.592510187372631947e-01
7.397634632805611954e-01
7.743923865927139216e-01
7.624437001653115997e-01
7.789545821869299225e-01
7.683284590463311803e-01
7.156227620555777325e-01
6.485593438728425308e-01
7.101182083610125817e-01
7.472434605301396804e-01
7.626326196872617036e-01
7.941559939838992443e-01
7.266728046330367397e-01
7.880225580998356794e-01
7.357873411479708414e-01
7.194946728953078852e-01
7.174858987993361081e-01
7.166004201080948821e-01
7.459060964428371188e-01
7.586740718235358560e-01
7.578293864400836855e-01
7.961560063816022215e-01
7.661465462814549543e-01
7.033014250136869761e-01
7.960839508328325653e-01
7.706085244338509721e-01
7.745927385495091633e-01
7.615509625757342915e-01
7.404561644325420300e-01
6.852647401022836648e-01
7.621795288071935293e-01
7.939860152945323879e-01
7.573520787151868383e-01
7.241842814667884820e-01
7.684622532002730599e-01
6.941667815486918247e-01
