4.761853459280893652e-01
4.865762273472989397e-01
4.768696341503121938e-01
4.847178508820569331e-01
4.980097168249605910e-01
4.706961125574218308e-01
4.952391369990429837e-01
4.771088950532161310e-01
4.994906115386057999e-01
4.873516413957224569e-01
3.292065155784308916e-01
4.851428948965956223e-01
4.372974344270151303e-01
3.504274265640923147e-01
4.867690550420326057e-01
4.613303628233137443e-01
3.955544366897015274e-01
4.946842240313372718e-01
4.124451974953884381e-01
4.769215318770013701e-01
4.855973799633206411e-01
4.897271905921231072e-01
4.836508453475222291e-01
4.792009284609625164e-01
4.378883733793584865e-01
4.713350398652993434e-01
4.621519148353091522e-01
4.603645931421202486e-01
4.819831326420888629e-01
4.963849949880764223e-01
4.306525875330228792e-01
4.770730318288259331e-01
4.898099521026165193e-01
4.700870130846266370e-01
4.315678990106381896e-01
4.558137596285825044e-01
4.888639072526091423e-01
4.983288307881177381e-01
4.602390193667705853e-01
4.507200711616629607e-01
4.837405477571675161e-01
4.931199603752211003e-01
4.599151629523068885e-01
4.891523861761285508e-01
4.858780188866198002e-01
4.968115289490853681e-01
4.991061859220921604e-01
4.315683089787890614e-01
4.677336439123561118e-01
4.725993555224226039e-01
