4.325348630458765165e-01
3.072300666157343207e-01
3.950901817094737978e-01
3.836386154095272061e-01
4.363589074781002997e-01
1.394714367921154885e-01
4.908602374887875985e-01
3.066324826298836848e-01
3.954342335151094234e-01
2.750465578918827592e-01
2.823667621531996685e-01
4.380464331772814801e-01
1.761709047110140702e-01
4.480298414137567908e-01
3.577201843351562882e-01
2.244040320122702992e-01
4.522205244360888998e-01
4.152605889556198471e-01
2.858465676865699634e-01
4.699701859847641994e-01
2.307118321259916671e-01
3.935559143700117501e-01
3.595915066038561370e-01
3.163355831314981215e-01
4.282768430864935527e-01
4.609111145747848415e-01
4.856096191641716686e-01
3.865087221665374773e-01
4.377689304374985380e-01
2.208751207664524929e-01
4.320030053371309298e-01
2.996582703932503811e-01
4.509083131126829236e-01
4.013102697847638622e-01
4.526054835268485954e-01
4.119374962360561332e-01
4.920572843282677300e-01
4.674673902912934165e-01
3.726982072404906310e-01
4.760225200263152323e-01
2.935262978721538962e-01
4.137823164828346445e-01
3.029020582942638096e-01
4.823585582114265913e-01
3.686934591549573259e-01
4.675164019156111128e-01
4.844018414927170890e-01
2.421044838317066850e-01
2.261921466007707493e-01
2.129428413385332231e-01
