7.362498212206297632e-02
3.396597363909905493e-02
5.683396964317571215e-02
5.024979954216573369e-02
6.635035012599578563e-02
7.045024765397903468e-03
7.392765662425850037e-02
3.028027333554962966e-02
4.969486213361436200e-02
2.546404540420188489e-02
2.744350058401008249e-02
7.963534093856759755e-02
9.443738960379210318e-03
7.259833182313335520e-02
4.030974266305590442e-02
1.717840594901239026e-02
8.682836821570306951e-02
5.930467472342353108e-02
3.042179590060515443e-02
9.138321502084915948e-02
1.754903437909930211e-02
5.248110111018684104e-02
4.519932986420142906e-02
3.316353493918715312e-02
7.485192993397005168e-02
6.438057243331048174e-02
8.385093917683844600e-02
4.999058832301641470e-02
6.578463944532440821e-02
1.551775385619085304e-02
5.908475022435760726e-02
3.122683013467462618e-02
6.071059361067970145e-02
5.421032893257488050e-02
6.564506410828960248e-02
5.894558554157163649e-02
8.412288638291265386e-02
6.945325399628317353e-02
5.159351106522414021e-02
8.365393774958851392e-02
2.714428875611972145e-02
5.251076676700199009e-02
3.369042461795977716e-02
9.289446848358989817e-02
5.371152986688677855e-02
7.484858456833000384e-02
7.478112105055075010e-02
1.985159088021568735e-02
1.746725695410803608e-02
1.546793932774233327e-02
