8.270010524110863459e-01
8.113217070251442786e-01
8.259321928569920424e-01
8.271026766296523114e-01
8.260876312211021810e-01
8.154685496992760685e-01
8.181967576692967814e-01
8.362385951357504954e-01
8.239175255546361543e-01
8.182159210256887416e-01
8.473111571382061502e-01
8.339193306776626624e-01
8.303989856111853030e-01
8.131398338842289464e-01
8.105802119552534268e-01
8.308276241069878498e-01
8.152754753172767321e-01
8.302409995928755615e-01
8.037105990112579645e-01
8.228525473990949690e-01
8.304652050838193800e-01
8.087784540409077572e-01
8.195252507460281111e-01
8.134849449862621151e-01
8.324432537848527325e-01
8.213471414023006956e-01
8.235184723066406587e-01
8.203781680118223951e-01
8.380298620009144495e-01
8.004997098824075952e-01
8.125164276812174569e-01
8.189913708649042556e-01
8.298864217289479983e-01
8.272586805290921275e-01
8.304120750764968362e-01
8.306141679341589867e-01
8.157826057145818321e-01
8.317765290520673371e-01
8.323362592075296273e-01
8.237671089926829060e-01
8.260100237910577015e-01
8.223797622714165145e-01
8.172073321457867801e-01
8.322660859101199682e-01
8.273247229151001747e-01
8.191436629383006540e-01
8.043529245145305540e-01
8.113414389073173583e-01
8.298905099867174284e-01
8.345381648844725220e-01
