8.793013442317861861e-01
8.731050512057967339e-01
8.635660415714057070e-01
8.726325392275465775e-01
8.520246559394102359e-01
8.506580022116516648e-01
8.758294534460254743e-01
8.774721045714308776e-01
8.524643340817544823e-01
8.593618479139332189e-01
8.977074046489789128e-01
8.697508453335832668e-01
8.774183286474369625e-01
8.872379244340151683e-01
8.564930561500673223e-01
8.792248818832493207e-01
8.756439808015678006e-01
8.771584184072587220e-01
8.612462182330254956e-01
8.671792218757063964e-01
8.753268388089814334e-01
8.378342439683191811e-01
8.572521493822736760e-01
8.681644578977920634e-01
8.745333856655567173e-01
8.668192655075892539e-01
8.670463694463885762e-01
8.577616347666764396e-01
8.866937233491449799e-01
8.459317324771599145e-01
8.789502884259130511e-01
8.644835182383633354e-01
8.657172893571837280e-01
8.735178321998697815e-01
8.811218876171429404e-01
8.820500353439513219e-01
8.637465573193605639e-01
8.709099904586270480e-01
8.754616702564371744e-01
8.760335301544475151e-01
8.775107172393468158e-01
8.693862543470013415e-01
8.663112413534858058e-01
8.712663127501258931e-01
8.655062285564659730e-01
8.736422374799338586e-01
8.471503026558145910e-01
8.622591460727173640e-01
8.680829922542856458e-01
8.791569142654087621e-01
