7.274585566855669150e-01
6.590966288028207165e-01
6.754694797118728777e-01
6.948677293598045646e-01
6.710186595490550410e-01
7.008154384186028318e-01
6.791228591662377134e-01
6.640159644418113238e-01
6.690989748485168809e-01
6.559095569549829863e-01
6.813583345631601951e-01
6.884032906667050256e-01
6.874853674794025871e-01
7.079321078098074205e-01
6.603483318034055749e-01
6.715087656731231203e-01
7.066640831435523351e-01
6.877349023961969454e-01
6.577603878511264490e-01
7.052795809961875939e-01
6.718576932282916969e-01
6.273576657566789505e-01
6.842947441163441669e-01
6.598578741977205731e-01
7.534190050750996237e-01
7.010078152383077965e-01
6.923652442952245023e-01
6.855598154961030088e-01
6.821708207726303597e-01
6.418617808722214546e-01
6.642801319422372286e-01
6.642230581478536511e-01
6.974352721373713315e-01
6.783038551770792512e-01
7.190368960942716825e-01
6.858267478911848070e-01
6.777918678726844171e-01
6.521130623950865957e-01
7.176002188693219042e-01
7.107270735049414645e-01
6.836359551167308091e-01
6.883866416840788149e-01
6.788167031395220263e-01
7.061281074217957698e-01
7.114527344078375171e-01
6.906286242084094251e-01
6.396817217475829764e-01
6.350317885207279467e-01
6.776371982854678677e-01
6.899321874388285591e-01
