4.403754171605764888e+06
3.267140291749997530e+06
8.970179458705648780e+06
6.254278551059432328e+06
4.055623544318163767e+05
4.720828007743978873e+06
6.599288528561021667e+04
4.400653946805791929e+06
1.003792335579841398e+06
7.519477821797938086e+06
2.667344477164192125e+06
2.513877992195407394e+06
9.956880485421260528e+04
4.568322032953521237e+06
7.291845957399450243e+06
3.073450923717719852e+05
7.066237687285418622e+06
8.537911285342793912e+06
1.323070513558733277e+06
5.217316121698772535e+06
5.337388899041374214e+06
2.995437398688491434e+06
3.839511730734770652e+06
9.517232519123613834e+06
4.193550148878975306e+06
6.329007075779849663e+06
9.384854512813705951e+06
3.583882743358887732e+06
5.428587834694847465e+06
3.420249382839676458e+06
1.556340940886919387e+06
9.184562209611698985e+06
2.729646509317464661e+06
8.360137096714952029e+06
5.917813179681070615e+05
8.188397534165274352e+06
6.887509528349445201e+06
4.396589767459789291e+06
8.315853089334042743e+05
2.111109870056293905e+06
3.887999402938277926e+06
5.844126491273067892e+06
4.655875455190575682e+06
6.437345856562702917e+06
1.149553830488114152e+06
3.119846673733065836e+06
6.380905137877519242e+06
7.061287490614261478e+06
3.278478492696925998e+06
6.711071655256859027e+06
